0.000000 0.322581
0.645161 0.860215
1.075269 1.290323
1.505376 1.720430
1.935484 2.150538
2.365591 2.580645
2.795699 2.903226
3.010753 3.225806
3.440860 3.655914
3.870968 4.086022
4.301075 4.516129
5.161290 5.376344
5.591398 5.806452
6.021505 6.236559
6.451613 6.666667
6.774194 6.881720
6.989247 7.096774
7.311828 7.526882
7.741935 7.956989
8.172043 8.387097
8.602151 8.817204
9.032258 9.247312
9.462366 9.677419
9.892473 10.107527
10.322581 10.967742
11.612903 12.258065
12.903226 13.548387
14.193548 14.408602
14.516129 14.623656
14.731183 14.838710
15.053763 15.268817
15.483871 16.774194
16.854839 16.935484
17.016129 17.096774
17.177419 17.258065
17.338710 17.419355
17.741935 17.822581
17.903226 17.983871
18.064516 18.387097
18.709677 19.032258
19.112903 19.193548
19.274194 19.354839
19.569892 19.784946
20.000000 20.215054
20.430108 20.645161
20.860215 21.075269
21.290323 21.505376
21.720430 21.935484
22.150538 22.365591
22.580645 22.795699
23.010753 23.225806
23.548387 23.870968
24.193548 24.274194
24.354839 24.435484
24.516129 24.838710
25.161290 25.483871
25.564516 25.645161
25.725806 25.806452
26.129032 26.451613
26.774194 26.854839
26.935484 27.016129
27.096774 27.419355
27.741935 28.064516
28.145161 28.225806
28.306452 28.387097
28.709677 29.032258
29.354839 29.435484
29.516129 29.596774
29.677419 29.758065
29.838710 29.919355
30.000000 30.080645
30.161290 30.241935
30.322581 30.403226
30.483871 30.564516
30.645161 30.725806
30.806452 30.887097
30.967742 31.048387
31.129032 31.209677
31.290323 31.370968
31.451613 31.532258
31.612903 31.693548
31.774194 31.854839
31.935484 32.016129
32.096774 32.177419
32.258065 32.338710
32.419355 32.500000
32.580645 32.661290
32.741935 32.822581
32.903226 32.983871
33.064516 33.145161
33.225806 33.306452
33.387097 33.467742
33.548387 33.870968
34.193548 34.354839
34.435484 34.516129
34.596774 34.677419
34.758065 34.838710
35.053763 35.268817
35.483871 35.698925
35.913978 36.129032
36.290323 36.370968
36.451613 36.532258
36.612903 36.774194
36.989247 37.204301
37.419355 37.500000
37.580645 37.661290
37.741935 37.822581
37.903226 37.983871
38.064516 38.145161
38.225806 38.306452
38.387097 38.467742
38.548387 38.629032
38.709677 39.032258
39.354839 39.677419
39.838710 40.000000
40.161290 40.322581
40.483871 40.645161
40.806452 40.967742
41.129032 41.290323
41.451613 41.612903
41.774194 41.935484
42.096774 42.258065
42.419355 42.580645
42.741935 42.903226
43.064516 43.225806
43.387097 43.548387
43.709677 43.870968
44.193548 44.516129
44.596774 44.677419
44.758065 44.838710
44.919355 45.000000
45.080645 45.161290
45.241935 45.483871
45.806452 45.887097
45.967742 46.048387
46.129032 46.209677
46.290323 46.370968
46.451613 46.532258
46.774194 47.096774
47.177419 47.258065
47.338710 47.419355
47.500000 47.580645
47.661290 47.741935
47.822581 48.064516
48.387097 48.467742
48.548387 48.629032
48.709677 48.790323
48.870968 48.951613
49.032258 49.112903
49.354839 49.677419
50.000000 50.080645
50.161290 50.241935
50.322581 50.403226
50.483871 50.564516
50.645161 50.725806
50.806452 50.967742
51.182796 51.397849
51.612903 51.827957
52.043011 52.258065
52.338710 52.419355
52.500000 52.580645
52.661290 52.741935
52.822581 52.903226
52.983871 53.064516
53.145161 53.225806
53.306452 53.387097
53.467742 53.548387
53.629032 53.709677
53.790323 53.870968
53.951613 54.032258
54.112903 54.193548
54.274194 54.354839
54.435484 54.516129
54.596774 54.677419
54.758065 54.838710
54.919355 55.000000
55.080645 55.161290
55.241935 55.322581
55.403226 55.483871
55.564516 55.645161
55.725806 55.806452
55.887097 55.967742
56.048387 56.129032
56.209677 56.290323
56.370968 56.451613
56.532258 56.612903
56.693548 56.774194
56.854839 56.935484
57.016129 57.096774
57.177419 57.258065
57.338710 57.419355
57.500000 57.580645
57.661290 57.741935
57.822581 57.903226
57.983871 58.064516
58.145161 58.225806
58.306452 58.387097
58.467742 58.548387
58.629032 58.709677
58.790323 58.870968
58.951613 59.032258
59.112903 59.193548
59.274194 59.354839
59.569892 59.784946
60.000000 60.215054
60.430108 60.645161
60.860215 61.075269
61.290323 61.505376
61.720430 61.935484
62.150538 62.365591
62.580645 62.795699
63.010753 63.225806
63.440860 63.655914
63.870968 64.086022
64.274194 64.301075
64.354839 64.435484
64.516129 64.731183
64.946237 65.161290
65.376344 65.564516
65.591398 65.645161
65.725806 65.806452
66.021505 66.236559
66.451613 66.666667
66.854839 66.881720
66.935484 67.016129
67.096774 67.311828
67.526882 67.741935
67.956989 68.145161
68.172043 68.225806
68.306452 68.387097
68.602151 68.817204
69.032258 69.247312
69.462366 69.677419
70.967742 71.048387
71.129032 71.209677
71.290323 71.370968
71.451613 71.532258
71.612903 71.935484
72.016129 72.096774
72.177419 72.258065
72.580645 72.661290
72.741935 72.822581
72.903226 73.064516
73.225806 73.387097
73.548387 73.709677
73.870968 74.032258
74.193548 74.354839
74.435484 74.516129
74.677419 74.838710
75.161290 75.241935
75.322581 75.403226
75.483871 75.645161
75.806452 75.967742
76.129032 76.290323
76.451613 76.612903
76.774194 76.935484
77.016129 77.096774
77.258065 77.419355
77.526882 77.634409
77.741935 77.849462
77.956989 78.064516
78.172043 78.279570
78.387097 78.494624
78.602151 78.709677
78.817204 78.924731
79.032258 79.139785
79.247312 79.354839
79.462366 79.569892
79.677419 79.784946
79.892473 80.000000
80.080645 80.161290
80.241935 80.322581
80.403226 80.483871
80.564516 80.645161
80.725806 80.806452
80.887097 80.967742
81.048387 81.129032
81.209677 81.290323
81.370968 81.451613
81.532258 81.612903
81.693548 81.774194
81.854839 81.935484
82.016129 82.096774
82.177419 82.258065
82.338710 82.419355
82.500000 82.580645
82.903226 82.983871
83.064516 83.145161
83.225806 83.387097
83.548387 83.709677
83.870968 84.032258
84.193548 84.354839
84.516129 84.677419
84.758065 84.838710
85.000000 85.161290
85.483871 85.564516
85.645161 85.725806
85.806452 85.967742
86.129032 86.290323
86.451613 86.612903
86.774194 86.935484
87.096774 87.258065
87.338710 87.419355
87.580645 87.741935
87.849462 87.956989
88.064516 88.172043
88.279570 88.387097
88.494624 88.602151
88.709677 88.817204
88.924731 89.032258
89.112903 89.193548
89.274194 89.354839
89.435484 89.516129
89.596774 89.677419
89.758065 89.838710
89.919355 90.000000
90.322581 90.403226
90.483871 90.564516
90.645161 90.725806
90.806452 90.887097
90.967742 91.048387
91.129032 91.209677
91.290323 91.370968
91.451613 91.532258
91.612903 91.693548
91.774194 91.854839
91.935484 92.016129
92.096774 92.177419
92.258065 92.338710
92.419355 92.500000
92.580645 92.661290
92.741935 92.822581
92.903226 92.983871
93.064516 93.145161
94.193548 94.274194
94.354839 94.435484
95.483871 95.564516
95.645161 95.725806
96.129032 96.209677
96.290323 96.370968
96.774194 96.935484
97.096774 97.258065
97.419355 97.500000
97.580645 97.661290
97.741935 97.822581
97.903226 97.983871
98.064516 98.145161
98.225806 