0.000000 0.645161
0.967742 1.290323
1.612903 1.935484
2.258065 2.580645
2.903226 3.225806
3.548387 3.870968
4.193548 4.516129
5.161290 5.483871
5.806452 6.129032
6.451613 6.774194
7.096774 7.419355
7.741935 8.064516
8.387097 8.709677
9.032258 9.354839
9.677419 10.000000
10.322581 11.612903
12.903226 13.548387
14.193548 14.838710
15.483871 16.774194
17.096774 17.419355
17.741935 18.064516
19.032258 19.354839
19.677419 20.000000
20.322581 20.645161
20.967742 21.290323
21.612903 21.935484
22.258065 22.580645
22.903226 23.225806
24.193548 24.516129
25.483871 25.806452
26.774194 27.096774
28.064516 28.387097
29.354839 29.677419
30.000000 30.322581
30.645161 30.967742
31.290323 31.612903
31.935484 32.258065
32.580645 32.903226
33.225806 33.548387
34.516129 34.838710
35.483871 36.129032
36.451613 36.774194
37.096774 37.419355
37.741935 38.064516
38.387097 38.709677
39.354839 39.677419
40.000000 40.322581
40.645161 40.967742
41.290323 41.612903
41.935484 42.258065
42.580645 42.903226
43.225806 43.548387
43.870968 44.516129
44.838710 45.161290
45.806452 46.129032
46.451613 47.096774
47.419355 47.741935
48.387097 48.709677
49.032258 49.677419
50.000000 50.322581
50.645161 50.967742
51.612903 52.258065
52.903226 53.548387
54.193548 54.516129
54.838710 55.161290
55.483871 55.806452
56.129032 56.451613
56.774194 57.096774
57.419355 57.741935
58.064516 58.387097
58.709677 59.032258
59.354839 60.000000
60.645161 61.290323
61.935484 62.580645
63.225806 63.870968
64.516129 65.161290
65.806452 66.451613
67.096774 67.741935
68.387097 69.032258
69.677419 70.967742
71.290323 71.612903
71.935484 72.258065
72.580645 72.903226
73.225806 73.548387
73.870968 74.193548
74.516129 74.838710
75.161290 75.483871
75.806452 76.129032
76.451613 76.774194
77.096774 77.419355
77.741935 78.064516
78.387097 78.709677
79.032258 79.354839
79.677419 80.000000
80.322581 80.645161
80.967742 81.290323
81.612903 81.935484
82.258065 82.580645
82.903226 83.225806
83.548387 83.870968
84.193548 84.516129
84.838710 85.161290
85.483871 85.806452
86.129032 86.451613
86.774194 87.096774
87.419355 87.741935
88.064516 88.387097
88.709677 89.032258
89.354839 89.677419
90.000000 90.322581
90.645161 90.967742
91.290323 91.612903
91.935484 92.258065
92.580645 92.903226
94.193548 95.483871
96.129032 96.774194
97.419355 98.064516
