0.000000 0.645161
0.860215 1.075269
1.290323 1.505376
1.720430 1.935484
2.150538 2.365591
2.580645 2.795699
2.903226 3.010753
3.225806 3.440860
3.655914 3.870968
4.086022 4.301075
4.516129 5.376344
5.591398 5.806452
6.021505 6.236559
6.451613 6.666667
6.774194 6.881720
6.989247 7.096774
7.311828 7.526882
7.741935 7.956989
8.172043 8.387097
8.602151 8.817204
9.032258 9.247312
9.462366 9.677419
9.892473 10.107527
10.322581 10.967742
11.612903 12.258065
12.903226 13.548387
14.193548 14.838710
15.483871 16.774194
17.096774 17.419355
17.741935 18.064516
19.032258 19.112903
19.193548 19.274194
19.354839 19.569892
19.784946 20.000000
20.215054 20.430108
20.645161 20.860215
21.075269 21.290323
21.505376 21.720430
21.935484 22.150538
22.365591 22.580645
22.795699 23.010753
23.225806 23.870968
24.193548 24.274194
24.354839 24.435484
24.516129 25.161290
25.483871 25.564516
25.645161 25.725806
25.806452 26.451613
26.774194 26.854839
26.935484 27.016129
27.096774 27.741935
28.064516 28.145161
28.225806 28.306452
28.387097 29.032258
29.354839 29.516129
29.677419 29.838710
30.000000 30.161290
30.322581 30.483871
30.645161 30.806452
30.967742 31.129032
31.290323 31.451613
31.612903 31.774194
31.935484 32.096774
32.258065 32.419355
32.580645 32.741935
32.903226 33.064516
33.225806 33.387097
33.548387 34.354839
34.516129 34.677419
34.838710 35.053763
35.268817 35.483871
35.698925 35.913978
36.129032 36.290323
36.451613 36.612903
36.774194 36.989247
37.204301 37.419355
37.580645 37.741935
37.903226 38.064516
38.225806 38.387097
38.548387 38.709677
39.032258 39.354839
39.677419 39.838710
40.000000 40.161290
40.322581 40.483871
40.645161 40.806452
40.967742 41.129032
41.290323 41.451613
41.612903 41.774194
41.935484 42.096774
42.258065 42.419355
42.580645 42.741935
42.903226 43.064516
43.225806 43.387097
43.548387 43.709677
43.870968 44.193548
44.516129 44.677419
44.838710 45.000000
45.161290 45.483871
45.806452 45.967742
46.129032 46.290323
46.451613 46.774194
47.096774 47.258065
47.419355 47.580645
47.741935 48.064516
48.387097 48.548387
48.709677 48.870968
49.032258 49.354839
49.677419 50.000000
50.161290 50.322581
50.483871 50.645161
50.806452 50.967742
51.182796 51.397849
51.612903 51.827957
52.043011 52.258065
52.419355 52.580645
52.741935 52.903226
53.064516 53.225806
53.387097 53.548387
53.709677 53.870968
54.032258 54.193548
54.354839 54.516129
54.677419 54.838710
55.000000 55.161290
55.322581 55.483871
55.645161 55.806452
55.967742 56.129032
56.290323 56.451613
56.612903 56.774194
56.935484 57.096774
57.258065 57.419355
57.580645 57.741935
57.903226 58.064516
58.225806 58.387097
58.548387 58.709677
58.870968 59.032258
59.193548 59.354839
60.645161 61.935484
63.225806 64.274194
64.354839 64.435484
64.516129 65.564516
65.645161 65.725806
65.806452 66.854839
66.935484 67.016129
67.096774 67.741935
68.145161 68.225806
68.306452 68.387097
69.032258 69.677419
70.967742 71.048387
71.129032 71.209677
71.290323 71.370968
71.451613 71.532258
71.612903 71.935484
72.258065 72.580645
72.661290 72.741935
72.822581 72.903226
73.064516 73.225806
73.387097 73.709677
74.032258 74.354839
74.435484 74.516129
74.677419 75.161290
75.241935 75.322581
75.403226 75.483871
75.645161 75.806452
75.967742 76.290323
76.612903 76.935484
77.016129 77.096774
77.258065 77.419355
77.526882 77.634409
77.741935 77.849462
77.956989 78.064516
78.172043 78.279570
78.387097 78.494624
78.602151 78.709677
78.817204 78.924731
79.032258 79.139785
79.247312 79.354839
79.462366 79.569892
79.677419 79.784946
79.892473 80.000000
80.161290 80.322581
80.483871 80.645161
80.806452 80.967742
81.129032 81.290323
81.451613 81.612903
81.774194 81.935484
82.096774 82.258065
82.419355 82.580645
82.903226 82.983871
83.064516 83.145161
83.225806 83.387097
83.548387 83.709677
84.032258 84.354839
84.677419 84.758065
84.838710 85.000000
85.483871 85.564516
85.645161 85.725806
85.806452 85.967742
86.129032 86.290323
86.612903 86.935484
87.258065 87.338710
87.419355 87.580645
87.741935 87.849462
87.956989 88.064516
88.172043 88.279570
88.387097 88.494624
88.602151 88.709677
88.817204 88.924731
89.032258 89.193548
89.354839 89.516129
89.677419 89.838710
90.000000 90.322581
90.483871 90.645161
90.806452 90.967742
91.129032 91.290323
91.451613 91.612903
91.774194 91.935484
92.096774 92.258065
92.419355 92.580645
92.741935 92.903226
94.193548 95.483871
96.129032 96.774194
97.419355 98.064516
